2832269 0 0 0 1000000 2083333 -3333 0 0 0 1000000 0 0 0 0 0 0 0 -2800000 0 0 0 0 0 -28935 0 0 0 0 2083333 0 0 0 0 0 0 0 0 0 0 0 0 0 0 0 0 0 0 
0 1635448 0 -2000000 0 5555556 0 -6667 0 -2000000 0 0 0 0 0 0 0 0 0 -30864 0 0 0 5555556 0 -1597917 0 0 0 0 0 0 0 0 0 0 0 0 0 0 0 0 0 0 0 0 0 0 
0 0 1724367 -2083333 -2777778 0 0 0 -1680000 0 0 0 0 0 0 0 0 0 0 0 -15432 0 -2777778 0 0 0 -28935 -2083333 0 0 0 0 0 0 0 0 0 0 0 0 0 0 0 0 0 0 0 0 
0 -2000000 -2083333 1003333333 0 0 0 2000000 0 400000000 0 0 0 0 0 0 0 0 0 0 0 -3333333 0 0 0 0 2083333 100000000 0 0 0 0 0 0 0 0 0 0 0 0 0 0 0 0 0 0 0 0 
1000000 0 -2777778 0 1067500000 0 -1000000 0 0 0 200000000 0 0 0 0 0 0 0 0 0 2777778 0 333333333 0 0 0 0 0 -833333 0 0 0 0 0 0 0 0 0 0 0 0 0 0 0 0 0 0 0 
2083333 5555556 0 0 0 1535333333 0 0 0 0 0 -2000000 0 0 0 0 0 0 0 -5555556 0 0 0 666666667 -2083333 0 0 0 0 100000000 0 0 0 0 0 0 0 0 0 0 0 0 0 0 0 0 0 0 
-3333 0 0 0 -1000000 0 2832269 0 0 0 -1000000 2083333 -2800000 0 0 0 0 0 0 0 0 0 0 0 0 0 0 0 0 0 -28935 0 0 0 0 2083333 0 0 0 0 0 0 0 0 0 0 0 0 
0 -6667 0 2000000 0 0 0 1635448 0 2000000 0 5555556 0 -30864 0 0 0 5555556 0 0 0 0 0 0 0 0 0 0 0 0 0 -1597917 0 0 0 0 0 0 0 0 0 0 0 0 0 0 0 0 
0 0 -1680000 0 0 0 0 0 1724367 -2083333 -2777778 0 0 0 -15432 0 -2777778 0 0 0 0 0 0 0 0 0 0 0 0 0 0 0 -28935 -2083333 0 0 0 0 0 0 0 0 0 0 0 0 0 0 
0 -2000000 0 400000000 0 0 0 2000000 -2083333 1003333333 0 0 0 0 0 -3333333 0 0 0 0 0 0 0 0 0 0 0 0 0 0 0 0 2083333 100000000 0 0 0 0 0 0 0 0 0 0 0 0 0 0 
1000000 0 0 0 200000000 0 -1000000 0 -2777778 0 1067500000 0 0 0 2777778 0 333333333 0 0 0 0 0 0 0 0 0 0 0 0 0 0 0 0 0 -833333 0 0 0 0 0 0 0 0 0 0 0 0 0 
0 0 0 0 0 -2000000 2083333 5555556 0 0 0 1535333333 0 -5555556 0 0 0 666666667 0 0 0 0 0 0 0 0 0 0 0 0 -2083333 0 0 0 0 100000000 0 0 0 0 0 0 0 0 0 0 0 0 
0 0 0 0 0 0 -2800000 0 0 0 0 0 2836099 0 0 0 -2149285 2359162 -3333 0 0 0 -1000000 0 0 0 0 0 0 0 0 0 0 0 0 0 -28935 0 0 0 0 2083333 -3831 0 0 0 -1149285 275828 
0 0 0 0 0 0 0 -30864 0 0 0 -5555556 0 1767411 517922 4298571 0 -5555556 0 -6667 0 2000000 0 0 0 0 0 0 0 0 0 0 0 0 0 0 0 -1597917 0 0 0 0 0 -131963 -517922 2298571 0 0 
0 0 0 0 0 0 0 0 -15432 0 2777778 0 0 517922 3890038 -2634990 2777778 0 0 0 -1680000 0 0 0 0 0 0 0 0 0 0 0 0 0 0 0 0 0 -28935 -2083333 0 0 0 -517922 -2165671 -551657 0 0 
0 0 0 0 0 0 0 0 0 -3333333 0 0 0 4298571 -2634990 1975720635 0 0 0 -2000000 0 400000000 0 0 0 0 0 0 0 0 0 0 0 0 0 0 0 0 2083333 100000000 0 0 0 -2298571 551657 486193651 0 0 
0 0 0 0 0 0 0 0 -2777778 0 333333333 0 -2149285 0 2777778 0 1527346515 -109779731 1000000 0 0 0 200000000 0 0 0 0 0 0 0 0 0 0 0 0 0 0 0 0 0 -833333 0 1149285 0 0 0 229724661 -55717351 
0 0 0 0 0 0 0 5555556 0 0 0 666666667 2359162 -5555556 0 0 -109779731 1564111437 0 0 0 0 0 -2000000 0 0 0 0 0 0 0 0 0 0 0 0 -2083333 0 0 0 0 100000000 -275828 0 0 0 -55717351 10941196 
-2800000 0 0 0 0 0 0 0 0 0 0 0 -3333 0 0 0 1000000 0 2832269 0 0 0 1000000 2083333 0 0 0 0 0 0 0 0 0 0 0 0 0 0 0 0 0 0 -28935 0 0 0 0 2083333 
0 -30864 0 0 0 -5555556 0 0 0 0 0 0 0 -6667 0 -2000000 0 0 0 1635448 0 -2000000 0 -5555556 0 0 0 0 0 0 0 0 0 0 0 0 0 0 0 0 0 0 0 -1597917 0 0 0 0 
0 0 -15432 0 2777778 0 0 0 0 0 0 0 0 0 -1680000 0 0 0 0 0 1724367 -2083333 2777778 0 0 0 0 0 0 0 0 0 0 0 0 0 0 0 0 0 0 0 0 0 -28935 -2083333 0 0 
0 0 0 -3333333 0 0 0 0 0 0 0 0 0 2000000 0 400000000 0 0 0 -2000000 -2083333 1003333333 0 0 0 0 0 0 0 0 0 0 0 0 0 0 0 0 0 0 0 0 0 0 2083333 100000000 0 0 
0 0 -2777778 0 333333333 0 0 0 0 0 0 0 -1000000 0 0 0 200000000 0 1000000 0 2777778 0 1067500000 0 0 0 0 0 0 0 0 0 0 0 0 0 0 0 0 0 0 0 0 0 0 0 -833333 0 
0 5555556 0 0 0 666666667 0 0 0 0 0 0 0 0 0 0 0 -2000000 2083333 -5555556 0 0 0 1535333333 0 0 0 0 0 0 0 0 0 0 0 0 0 0 0 0 0 0 -2083333 0 0 0 0 100000000 
-28935 0 0 0 0 -2083333 0 0 0 0 0 0 0 0 0 0 0 0 0 0 0 0 0 0 60880 0 0 0 1250000 416667 -4167 0 0 0 1250000 0 0 0 0 0 0 0 0 0 0 0 0 0 
0 -1597917 0 0 0 0 0 0 0 0 0 0 0 0 0 0 0 0 0 0 0 0 0 0 0 3372917 0 -2500000 0 0 0 -8333 0 -2500000 0 0 0 0 0 0 0 0 0 0 0 0 0 0 
0 0 -28935 2083333 0 0 0 0 0 0 0 0 0 0 0 0 0 0 0 0 0 0 0 0 0 0 2411713 -416667 0 0 0 0 -2355000 0 0 0 0 0 0 0 0 0 0 0 0 0 0 0 
0 0 -2083333 100000000 0 0 0 0 0 0 0 0 0 0 0 0 0 0 0 0 0 0 0 0 0 -2500000 -416667 1500000000 0 0 0 2500000 0 500000000 0 0 0 0 0 0 0 0 0 0 0 0 0 0 
0 0 0 0 -833333 0 0 0 0 0 0 0 0 0 0 0 0 0 0 0 0 0 0 0 1250000 0 0 0 501833333 0 -1250000 0 0 0 250000000 0 0 0 0 0 0 0 0 0 0 0 0 0 
2083333 0 0 0 0 100000000 0 0 0 0 0 0 0 0 0 0 0 0 0 0 0 0 0 0 416667 0 0 0 0 502500000 0 0 0 0 0 -2500000 0 0 0 0 0 0 0 0 0 0 0 0 
0 0 0 0 0 0 -28935 0 0 0 0 -2083333 0 0 0 0 0 0 0 0 0 0 0 0 -4167 0 0 0 -1250000 0 3985880 0 0 0 -1250000 416667 -3925000 0 0 0 0 0 0 0 0 0 0 0 
0 0 0 0 0 0 0 -1597917 0 0 0 0 0 0 0 0 0 0 0 0 0 0 0 0 0 -8333 0 2500000 0 0 0 3411497 0 2500000 0 6944444 0 -38580 0 0 0 6944444 0 0 0 0 0 0 
0 0 0 0 0 0 0 0 -28935 2083333 0 0 0 0 0 0 0 0 0 0 0 0 0 0 0 0 -2355000 0 0 0 0 0 2431003 -416667 -3472222 0 0 0 -19290 0 -3472222 0 0 0 0 0 0 0 
0 0 0 0 0 0 0 0 -2083333 100000000 0 0 0 0 0 0 0 0 0 0 0 0 0 0 0 -2500000 0 500000000 0 0 0 2500000 -416667 1504166667 0 0 0 0 0 -4166667 0 0 0 0 0 0 0 0 
0 0 0 0 0 0 0 0 0 0 -833333 0 0 0 0 0 0 0 0 0 0 0 0 0 1250000 0 0 0 250000000 0 -1250000 0 -3472222 0 1335166667 0 0 0 3472222 0 416666667 0 0 0 0 0 0 0 
0 0 0 0 0 0 2083333 0 0 0 0 100000000 0 0 0 0 0 0 0 0 0 0 0 0 0 0 0 0 0 -2500000 416667 6944444 0 0 0 2169166667 0 -6944444 0 0 0 833333333 0 0 0 0 0 0 
0 0 0 0 0 0 0 0 0 0 0 0 -28935 0 0 0 0 -2083333 0 0 0 0 0 0 0 0 0 0 0 0 -3925000 0 0 0 0 0 3985880 0 0 0 -1250000 416667 -4167 0 0 0 -1250000 0 
0 0 0 0 0 0 0 0 0 0 0 0 0 -1597917 0 0 0 0 0 0 0 0 0 0 0 0 0 0 0 0 0 -38580 0 0 0 -6944444 0 3411497 0 2500000 0 -6944444 0 -8333 0 2500000 0 0 
0 0 0 0 0 0 0 0 0 0 0 0 0 0 -28935 2083333 0 0 0 0 0 0 0 0 0 0 0 0 0 0 0 0 -19290 0 3472222 0 0 0 2431003 -416667 3472222 0 0 0 -2355000 0 0 0 
0 0 0 0 0 0 0 0 0 0 0 0 0 0 -2083333 100000000 0 0 0 0 0 0 0 0 0 0 0 0 0 0 0 0 0 -4166667 0 0 0 2500000 -416667 1504166667 0 0 0 -2500000 0 500000000 0 0 
0 0 0 0 0 0 0 0 0 0 0 0 0 0 0 0 -833333 0 0 0 0 0 0 0 0 0 0 0 0 0 0 0 -3472222 0 416666667 0 -1250000 0 3472222 0 1335166667 0 1250000 0 0 0 250000000 0 
0 0 0 0 0 0 0 0 0 0 0 0 2083333 0 0 0 0 100000000 0 0 0 0 0 0 0 0 0 0 0 0 0 6944444 0 0 0 833333333 416667 -6944444 0 0 0 2169166667 0 0 0 0 0 -2500000 
0 0 0 0 0 0 0 0 0 0 0 0 -3831 0 0 0 1149285 -275828 -28935 0 0 0 0 -2083333 0 0 0 0 0 0 0 0 0 0 0 0 -4167 0 0 0 1250000 0 64711 0 0 0 2399285 140838 
0 0 0 0 0 0 0 0 0 0 0 0 0 -131963 -517922 -2298571 0 0 0 -1597917 0 0 0 0 0 0 0 0 0 0 0 0 0 0 0 0 0 -8333 0 -2500000 0 0 0 3504880 517922 -4798571 0 0 
0 0 0 0 0 0 0 0 0 0 0 0 0 -517922 -2165671 551657 0 0 0 0 -28935 2083333 0 0 0 0 0 0 0 0 0 0 0 0 0 0 0 0 -2355000 0 0 0 0 517922 4577384 134990 0 0 
0 0 0 0 0 0 0 0 0 0 0 0 0 2298571 -551657 486193651 0 0 0 0 -2083333 100000000 0 0 0 0 0 0 0 0 0 0 0 0 0 0 0 2500000 0 500000000 0 0 0 -4798571 134990 2472387302 0 0 
0 0 0 0 0 0 0 0 0 0 0 0 -1149285 0 0 0 229724661 -55717351 0 0 0 0 -833333 0 0 0 0 0 0 0 0 0 0 0 0 0 -1250000 0 0 0 250000000 0 2399285 0 0 0 961679849 -109779731 
0 0 0 0 0 0 0 0 0 0 0 0 275828 0 0 0 -55717351 10941196 2083333 0 0 0 0 100000000 0 0 0 0 0 0 0 0 0 0 0 0 0 0 0 0 0 -2500000 140838 0 0 0 -109779731 531278104